dataset:
  name: PDE_KS
  pair_id:
  - 4
model:
  Wr_density: 0.02
  Wr_spectral_radius: 0.29539178530843047
  beta: 1.3925124988648217e-10
  bias: 0
  chunks: 16
  data_dim: 1024
  embedding_scaling: 0.00017274046759934786
  leak_rate: 1
  locality: 7
  name: reservoir
  res_dim: 1890
  seed: 0
  spinup: 100
