dataset:
  name: PDE_KS
  pair_id:
  - 7
model:
  Wr_density: 0.02
  Wr_spectral_radius: 0.16973816657491358
  beta: 0.00021272987415096701
  bias: 0
  chunks: 16
  data_dim: 1024
  embedding_scaling: 0.00013500093087132834
  leak_rate: 1
  locality: 2
  name: reservoir
  res_dim: 1758
  seed: 0
  spinup: 15
