dataset:
  name: ODE_Lorenz
  pair_id:
  - 8
model:
  Wr_density: 0.02
  Wr_spectral_radius: 0.6220866213604382
  beta: 4.669197975583943e-08
  bias: 1.1706151572950947
  chunks: 1
  data_dim: 3
  embedding_scaling: 0.0843263556281851
  leak_rate: 0.386991287256056
  locality: 0
  name: reservoir
  res_dim: 1704
  seed: 0
  spinup: 51
