dataset:
  name: ODE_Lorenz
  pair_id:
  - 2
model:
  Wr_density: 0.02
  Wr_spectral_radius: 0.43924838153594586
  beta: 1.91042467276256e-10
  bias: 0.1977592326725004
  chunks: 1
  data_dim: 3
  embedding_scaling: 0.05936014688999237
  leak_rate: 0.4654950223758947
  locality: 0
  name: reservoir
  res_dim: 2313
  seed: 0
  spinup: 100
